place(-5.121, 1.000, -23.708, "Militant", 600)
upgrade(-5.121, 2.370, -23.708, 300)
upgrade(-5.121, 2.370, -23.708, 850)
place(-5.145, 1.000, -26.817, "Militant", 600)
upgrade(-5.145, 2.370, -26.817, 300)
upgrade(-5.145, 2.370, -26.817, 850)
place(-7.743, 1.000, -25.192, "Militant", 600)
upgrade(-7.743, 2.370, -25.192, 300)
upgrade(-7.743, 2.370, -25.192, 850)
place(-7.930, 1.000, -28.198, "Militant", 600)
upgrade(-7.930, 2.370, -28.198, 300)
upgrade(-7.930, 2.370, -28.198, 850)
place(-5.216, 1.000, -29.854, "Militant", 600)
upgrade(-5.216, 2.370, -29.854, 300)
upgrade(-5.216, 2.370, -29.854, 850)
place(-7.709, 1.000, -22.127, "Militant", 600)
upgrade(-7.709, 2.370, -22.127, 300)
upgrade(-7.709, 2.370, -22.127, 850)
place(-5.053, 1.000, -20.703, "Militant", 600)
upgrade(-5.053, 2.370, -20.703, 300)
upgrade(-5.053, 2.370, -20.703, 850)
place(-7.882, 1.000, -31.236, "Militant", 600)
upgrade(-7.882, 2.370, -31.236, 300)
upgrade(-7.882, 2.370, -31.236, 850)
upgrade(-7.882, 2.370, -31.236, 2750)
upgrade(-7.882, 2.370, -31.236, 8000)
upgrade(-5.216, 2.370, -29.854, 2750)
upgrade(-5.216, 2.370, -29.854, 8000)
upgrade(-7.930, 2.370, -28.198, 2750)
upgrade(-7.930, 2.370, -28.198, 8000)
upgrade(-5.145, 2.370, -26.817, 2750)
upgrade(-5.145, 2.370, -26.817, 8000)
upgrade(-7.743, 2.370, -25.192, 2750)
upgrade(-7.743, 2.370, -25.192, 8000)
upgrade(-5.121, 2.370, -23.708, 2750)
upgrade(-5.121, 2.370, -23.708, 8000)
upgrade(-7.709, 2.370, -22.127, 2750)
upgrade(-7.709, 2.370, -22.127, 8000)
upgrade(-5.053, 2.370, -20.703, 2750)
upgrade(-5.053, 2.370, -20.703, 8000)
