place(-1.309, 0.964, 17.063, "Soldier", 400)
upgrade(-1.309, 2.314, 17.063, 100)
upgrade(-1.309, 2.314, 17.063, 700)
place(-4.319, 1.013, 17.117, "Soldier", 400)
upgrade(-4.319, 2.363, 17.117, 100)
upgrade(-4.319, 2.363, 17.117, 700)
place(1.771, 0.960, 17.315, "Soldier", 400)
upgrade(1.771, 2.310, 17.315, 100)
upgrade(1.771, 2.310, 17.315, 700)
place(-12.174, 1.010, 26.022, "Shotgunner", 1225)
place(7.148, 0.958, 28.400, "Shotgunner", 1225)
upgrade(7.148, 2.308, 28.400, 300)
upgrade(7.148, 2.308, 28.400, 1200)
place(-12.673, 1.015, 25.869, "Shotgunner", 1225)
upgrade(-12.673, 2.365, 25.869, 300)
upgrade(-12.673, 2.365, 25.869, 1200)
place(-13.178, 1.011, 23.789, "Shotgunner", 1225)
upgrade(-13.178, 2.361, 23.789, 300)
upgrade(-13.178, 2.361, 23.789, 1200)
place(7.059, 0.962, 26.220, "Shotgunner", 1225)
upgrade(7.059, 2.312, 26.220, 300)
upgrade(7.059, 2.312, 26.220, 1200)
place(5.858, 0.948, 29.994, "Shotgunner", 1225)
upgrade(5.858, 2.298, 29.994, 300)
upgrade(5.858, 2.298, 29.994, 1200)
place(-10.614, 0.993, 26.192, "Shotgunner", 1225)
upgrade(-10.614, 2.343, 26.192, 300)
upgrade(-10.614, 2.343, 26.192, 1200)
place(-11.125, 0.996, 24.199, "Shotgunner", 1225)
upgrade(-11.125, 2.346, 24.199, 300)
upgrade(-11.125, 2.346, 24.199, 1200)
place(5.108, 0.958, 26.797, "Shotgunner", 1225)
upgrade(5.108, 2.308, 26.797, 300)
upgrade(5.108, 2.308, 26.797, 1200)
place(6.475, 0.962, 24.283, "Shotgunner", 1225)
upgrade(6.475, 2.312, 24.283, 300)
upgrade(6.475, 2.312, 24.283, 1200)
upgrade(1.771, 2.310, 17.315, 1850)
upgrade(-1.309, 2.314, 17.063, 1850)
upgrade(-4.319, 2.363, 17.117, 1850)
place(4.473, 0.962, 24.775, "Shotgunner", 1225)
upgrade(1.771, 2.310, 17.315, 6000)
upgrade(-1.309, 2.314, 17.063, 6000)
upgrade(-4.319, 2.363, 17.117, 6000)
place(1.376, 0.967, 20.337, "Soldier", 400)
upgrade(1.376, 2.317, 20.337, 100)
upgrade(1.376, 2.317, 20.337, 700)
upgrade(1.376, 2.317, 20.337, 1850)
upgrade(1.376, 2.317, 20.337, 6000)
place(-1.670, 1.010, 20.058, "Soldier", 400)
upgrade(-1.670, 2.360, 20.058, 100)
upgrade(-1.670, 2.360, 20.058, 700)
upgrade(-1.670, 2.360, 20.058, 1850)
upgrade(-1.670, 2.360, 20.058, 6000)
upgrade(-1.670, 2.360, 20.058, 7774)
place(-4.735, 1.013, 20.137, "Soldier", 400)
upgrade(-4.735, 2.363, 20.137, 1000)
upgrade(-4.735, 2.363, 20.137, 700)
upgrade(-4.735, 2.363, 20.137, 1850)
upgrade(-4.735, 2.363, 20.137, 6000)
place(4.362, 0.963, 20.874, "Soldier", 400)
upgrade(4.362, 2.313, 20.874, 100)
upgrade(4.362, 2.313, 20.874, 700)
upgrade(4.362, 2.313, 20.874, 1850)
upgrade(4.362, 2.313, 20.874, 6000)
place(4.859, 0.956, 17.858, "Soldier", 400)
upgrade(4.859, 2.306, 17.858, 100)
upgrade(4.859, 2.306, 17.858, 700)
upgrade(4.859, 2.306, 17.858, 1850)
upgrade(4.859, 2.306, 17.858, 6000)
place(7.984, 0.955, 17.683, "Soldier", 400)
upgrade(7.984, 2.305, 17.683, 100)
upgrade(7.984, 2.305, 17.683, 700)
upgrade(7.984, 2.305, 17.683, 1850)
upgrade(7.984, 2.305, 17.683, 6000)
