place(6.289, 1.000, -3.371, "EvolvedOperator", 300)
upgrade(6.289, 2.350, -3.371, 325)
upgrade(6.289, 2.350, -3.371, 500)
upgrade(6.289, 2.350, -3.371, 1250)
upgrade(6.289, 2.350, -3.371, 2100)
place(3.186, 1.000, -3.167, "EvolvedOperator", 300)
upgrade(3.186, 2.350, -3.167, 325)
upgrade(3.186, 2.350, -3.167, 500)
upgrade(3.186, 2.350, -3.167, 1250)
upgrade(3.186, 2.350, -3.167, 2100)
place(0.144, 1.000, -3.278, "EvolvedOperator", 300)
upgrade(0.144, 2.350, -3.278, 325)
upgrade(0.144, 2.350, -3.278, 500)
upgrade(0.144, 2.350, -3.278, 1250)
upgrade(0.144, 2.350, -3.278, 2100)
place(-2.895, 1.000, -3.228, "EvolvedOperator", 300)
upgrade(-2.895, 2.350, -3.228, 325)
upgrade(-2.895, 2.350, -3.228, 500)
upgrade(-2.895, 2.350, -3.228, 1250)
upgrade(-2.895, 2.350, -3.228, 2100)
place(-2.474, 1.000, 2.377, "EvolvedOperator", 300)
upgrade(-2.474, 2.350, 2.377, 325)
upgrade(-2.474, 2.350, 2.377, 500)
upgrade(-2.474, 2.350, 2.377, 1250)
upgrade(-2.474, 2.350, 2.377, 2100)
place(0.596, 1.000, 2.341, "EvolvedOperator", 300)
upgrade(0.596, 2.350, 2.341, 325)
upgrade(0.596, 2.350, 2.341, 500)
upgrade(0.596, 2.350, 2.341, 1250)
upgrade(0.596, 2.350, 2.341, 2100)
place(3.619, 1.000, 2.343, "EvolvedOperator", 300)
upgrade(3.619, 2.350, 2.343, 325)
upgrade(3.619, 2.350, 2.343, 500)
upgrade(3.619, 2.350, 2.343, 1250)
upgrade(3.619, 2.350, 2.343, 2100)
place(6.801, 1.000, 2.340, "EvolvedOperator", 300)
upgrade(6.801, 2.350, 2.340, 325)
upgrade(6.801, 2.350, 2.340, 500)
upgrade(6.801, 2.350, 2.340, 1250)
upgrade(6.801, 2.350, 2.340, 2100)
place(9.882, 1.000, 2.423, "EvolvedOperator", 300)
upgrade(9.882, 2.350, 2.423, 325)
upgrade(9.882, 2.350, 2.423, 500)
upgrade(9.882, 2.350, 2.423, 1250)
upgrade(9.882, 2.350, 2.423, 2100)
