place(-2.370, 1.003, -34.080, "Pyromancer", 900)
upgrade(-2.370, 2.353, -34.080, 325)
upgrade(-2.370, 2.353, -34.080, 1000)
upgrade(-2.370, 2.353, -34.080, 1750)
upgrade(-2.370, 2.353, -34.080, 3750)
place(9.977, 1.184, 21.645, "Hunter", 1625)
place(6.839, 1.258, 21.727, "Hunter", 1625)
place(3.630, 1.337, 21.974, "Hunter", 1625)
place(0.569, 1.390, 22.333, "Hunter", 1625)
place(-2.568, 1.420, 22.544, "Hunter", 1625)
place(-5.718, 1.462, 22.405, "Hunter", 1625)
place(5.979, 1.394, 28.014, "Hunter", 1625)
place(2.975, 1.422, 27.901, "Hunter", 1625)
place(-0.157, 1.452, 28.015, "Hunter", 1625)
place(-3.307, 1.482, 28.181, "Hunter", 1625)
upgrade(9.977, 2.534, 21.645, 725)
upgrade(6.839, 2.608, 21.727, 725)
upgrade(3.630, 2.687, 21.974, 725)
upgrade(0.569, 2.740, 22.333, 725)
upgrade(-2.568, 2.770, 22.544, 725)
upgrade(-5.718, 2.812, 22.405, 725)
upgrade(-3.307, 2.832, 28.181, 725)
upgrade(-0.157, 2.802, 28.015, 725)
