place(-2.101, 1.017, -35.282, "Pyromancer", 1100)
upgrade(-2.101, 2.367, -35.282, 600)
upgrade(-2.101, 2.367, -35.282, 1425)
upgrade(-2.101, 2.367, -35.282, 2536)
upgrade(-2.101, 2.367, -35.282, 3809)
place(9.370, 1.247, 22.030, "Hunter", 2290)
place(6.208, 1.335, 22.387, "Hunter", 1709)
place(3.120, 1.358, 22.129, "Hunter", 2743)
place(-0.063, 1.392, 22.194, "Hunter", 2646)
place(-3.154, 1.423, 22.446, "Hunter", 2679)
place(-6.334, 1.470, 22.332, "Hunter", 2913)
place(6.183, 1.394, 28.622, "Hunter", 1788)
place(3.003, 1.423, 28.311, "Hunter", 2178)
place(-0.039, 1.452, 28.355, "Hunter", 2361)
place(-3.080, 1.480, 28.118, "Hunter", 2500)
upgrade(9.370, 2.597, 22.030, 875)
upgrade(6.208, 2.685, 22.387, 1806)
upgrade(3.120, 2.708, 22.129, 1081)
upgrade(-0.063, 2.742, 22.194, 845)
upgrade(-3.154, 2.773, 22.446, 900)
upgrade(-6.334, 2.820, 22.332, 1742)
upgrade(-3.080, 2.830, 28.118, 1047)
upgrade(-0.039, 2.802, 28.355, 747)
